X:degree =1
[50.         49.39393939 48.78787879 48.18181818 47.57575758 46.96969697
 46.36363636 45.75757576 45.15151515 44.54545455 43.93939394 43.33333333
 42.72727273 42.12121212 41.51515152 40.90909091 40.3030303  39.6969697
 39.09090909 38.48484848 37.84848485 37.09090909 36.33333333 35.57575758
 34.81818182 34.06060606 33.3030303  32.54545455 31.78787879 31.03030303
 30.27272727 29.51515152 28.75757576 28.         27.24242424 26.48484848
 25.72727273 24.96969697 24.21212121 23.45454545 23.48484848 24.6969697
 25.90909091 27.12121212 28.33333333 29.54545455 30.75757576 31.96969697
 33.18181818 34.39393939 35.60606061 36.81818182 38.03030303 39.24242424
 40.45454545 41.66666667 42.87878788 44.09090909 45.3030303  46.51515152
 46.78787879 46.43434343 46.08080808 45.72727273 45.37373737 45.02020202
 44.66666667 44.31313131 43.95959596 43.60606061 43.25252525 42.8989899
 42.54545455 42.19191919 41.83838384 41.48484848 41.13131313 40.77777778
 40.42424242 40.07070707 38.78787879 37.27272727 35.75757576 34.24242424
 32.72727273 31.21212121 29.6969697  28.18181818 26.66666667 25.15151515
 23.63636364 22.12121212 20.60606061 19.09090909 17.57575758 16.06060606
 14.54545455 13.03030303 11.51515152 10.        ]
Y:degree =1
[50.         50.60606061 51.21212121 51.81818182 52.42424242 53.03030303
 53.63636364 54.24242424 54.84848485 55.45454545 56.06060606 56.66666667
 57.27272727 57.87878788 58.48484848 59.09090909 59.6969697  60.3030303
 60.90909091 61.51515152 61.84848485 61.09090909 60.33333333 59.57575758
 58.81818182 58.06060606 57.3030303  56.54545455 55.78787879 55.03030303
 54.27272727 53.51515152 52.75757576 52.         51.24242424 50.48484848
 49.72727273 48.96969697 48.21212121 47.45454545 46.49494949 45.23232323
 43.96969697 42.70707071 41.44444444 40.18181818 38.91919192 37.65656566
 36.39393939 35.13131313 33.86868687 32.60606061 31.34343434 30.08080808
 28.81818182 27.55555556 26.29292929 25.03030303 23.76767677 22.50505051
 21.45454545 20.54545455 19.63636364 18.72727273 17.81818182 16.90909091
 16.         15.09090909 14.18181818 13.27272727 12.36363636 11.45454545
 10.54545455  9.63636364  8.72727273  7.81818182  6.90909091  6.
  5.09090909  4.18181818  4.24242424  4.54545455  4.84848485  5.15151515
  5.45454545  5.75757576  6.06060606  6.36363636  6.66666667  6.96969697
  7.27272727  7.57575758  7.87878788  8.18181818  8.48484848  8.78787879
  9.09090909  9.39393939  9.6969697  10.        ]
X:degree =2
[50.         49.03764922 48.08999082 47.15702479 46.23875115 45.33516988
 44.44628099 43.57208448 42.71258035 41.8677686  41.03764922 40.22222222
 39.4214876  38.63544536 37.8640955  37.10743802 36.36547291 35.63820018
 34.92561983 34.22773186 33.54453627 32.87603306 32.22222222 31.58310376
 30.95867769 30.35047444 29.79216406 29.29752066 28.86654423 28.49923477
 28.19559229 27.95561677 27.77930823 27.66666667 27.61769207 27.63238445
 27.7107438  27.85277013 28.05846342 28.32782369 28.66085093 29.05754515
 29.51790634 30.0419345  30.62962963 31.28099174 31.99602081 32.77471687
 33.61707989 34.52310989 35.4785226  36.39761249 37.2660953  38.08397102
 38.85123967 39.56790123 40.23395572 40.84940312 41.41424344 41.92847669
 42.39210285 42.80512193 43.16753393 43.47933884 43.74053668 43.95112744
 44.11111111 44.22048771 44.27925722 44.28741965 44.244975   44.15192327
 44.00826446 43.81399857 43.5691256  43.26354454 42.87256402 42.39506173
 41.83103765 41.18049179 40.44342414 39.61983471 38.7097235  37.7130905
 36.62993572 35.46025916 34.20406081 32.86134068 31.43209877 29.91633507
 28.31404959 26.62524232 24.84991327 22.98806244 21.03968983 19.00479543
 16.88337925 14.67544128 12.38098153 10.        ]
Y:degree =2
[50.         50.93786348 51.81205999 52.62258953 53.3694521  54.05264769
 54.67217631 55.22803796 55.72023263 56.14876033 56.51362106 56.81481481
 57.0523416  57.22620141 57.33639425 57.38292011 57.365779   57.28497092
 57.14049587 56.93235384 56.66054484 56.32506887 55.92592593 55.46311601
 54.93663912 54.3479747  53.72967044 53.09504132 52.44408734 51.77680849
 51.09320478 50.3932762  49.67702275 48.94444444 48.19554127 47.43031323
 46.64876033 45.85088256 45.03667993 44.20615243 43.35930007 42.49612284
 41.61662075 40.7207938  39.80864198 38.88016529 37.93536374 36.97423732
 35.99678604 35.0030099  33.99637792 32.99770432 32.01045812 31.03463932
 30.07024793 29.11728395 28.17574737 27.2456382  26.32695643 25.41970207
 24.52387511 23.63947556 22.76650342 21.90495868 21.05484134 20.21615141
 19.38888889 18.57305377 17.76864606 16.97566575 16.19411285 15.42398735
 14.66528926 13.91801857 13.18217529 12.46831956 11.80226507 11.18518519
 10.61707989 10.09794919  9.62779308  9.20661157  8.83440465  8.51117233
  8.2369146   8.01163147  7.83532293  7.70798898  7.62962963  7.60024487
  7.61983471  7.68839914  7.80593817  7.97245179  8.18794001  8.45240282
  8.76584022  9.12825222  9.53963881 10.        ]
X:degree =3
[50.         48.92157804 47.86849208 46.84128475 45.84049865 44.86667641
 43.92036063 43.00209394 42.11241896 41.25187829 40.42101455 39.62037037
 38.85048835 38.11191112 37.40518129 36.73084147 36.08943429 35.48150235
 34.90758828 34.36823469 33.86398419 33.39537941 32.96296296 32.56727746
 32.20886551 31.88826975 31.60603278 31.36269722 31.15880569 30.9949008
 30.87152517 30.78922142 30.74853215 30.75       30.79370148 30.87784874
 31.00018783 31.15846481 31.35042575 31.57381668 31.82638367 32.10587278
 32.41003005 32.73660155 33.08333333 33.44797145 33.82826196 34.22195091
 34.62678437 35.04050839 35.46086902 35.88561232 36.31248435 36.73923115
 37.1635988  37.58333333 37.99618082 38.3998873  38.79219885 39.17086151
 39.53362134 39.87822439 40.20241673 40.5039444  40.78055347 41.02998998
 41.25       41.43812783 41.59111083 41.7054846  41.77778473 41.80454685
 41.78230654 41.70759941 41.57696107 41.38692712 41.13403317 40.81481481
 40.42580766 39.96354732 39.42456939 38.80540947 38.10260317 37.31268609
 36.43219384 35.45766202 34.38562623 33.21262209 31.93518519 30.54985113
 29.05315552 27.44163397 25.71182208 23.86025545 21.88346968 19.77800039
 17.54038317 15.16715363 12.65484737 10.        ]
Y:degree =3
[50.         51.0377211  51.97119032 52.80359379 53.53811763 54.17794798
 54.72627097 55.18627274 55.5611394  55.8540571  56.06821196 56.20679012
 56.27297771 56.26996086 56.20092569 56.06905835 55.87754496 55.62957166
 55.32832457 54.97698982 54.57875356 54.1368019  53.65432099 53.13449694
 52.5805159  51.995564   51.38282736 50.74549211 50.0867444  49.40977034
 48.71775607 48.01388773 47.30135144 46.58333333 45.86249084 45.13936658
 44.41397446 43.68632839 42.95644229 42.22433008 41.49000566 40.75348295
 40.01477586 39.2738983  38.5308642  37.78568745 37.03838198 36.2889617
 35.53744052 34.78383235 34.02815112 33.27041072 32.51062508 31.7488081
 30.9849737  30.2191358  29.45130831 28.68150513 27.90974019 27.1360274
 26.36038067 25.58281391 24.80334103 24.02197596 23.2387326  22.45362486
 21.66666667 20.87829628 20.09064938 19.306286   18.52776618 17.75764996
 16.99849737 16.25286845 15.52332322 14.81242174 14.12272403 13.45679012
 12.81718007 12.20645389 11.62717162 11.08189331 10.57317899 10.10358869
  9.67568244  9.29202029  8.95516227  8.66766842  8.43209877  8.25101335
  8.1269722   8.06253536  8.06026287  8.12271475  8.25245105  8.4520318
  8.72401703  9.07096678  9.4954411  10.        ]
X:degree =4
[50.         49.04149312 48.10603103 47.19456861 46.30800482 45.44718263
 44.61288905 43.80585514 43.02675596 42.27621064 41.55478233 40.8629782
 40.20124949 39.56999145 38.96954336 38.40018855 37.86215437 37.35561223
 36.88067755 36.43740979 36.02581245 35.64583307 35.29736321 34.98023847
 34.69423849 34.43908694 34.21445153 34.01994399 33.85512011 33.7194797
 33.6124666  33.53346868 33.48181788 33.45679012 33.45760541 33.48342775
 33.53336521 33.60646986 33.70173784 33.8181093  33.95446843 34.10964347
 34.28240667 34.47147433 34.67550678 34.89310839 35.12282757 35.36315673
 35.61253237 35.86933498 36.13188914 36.39846668 36.66729623 36.93656643
 37.20442593 37.46898339 37.72830751 37.98042703 38.22333068 38.45496724
 38.67324552 38.87603433 39.06116252 39.22641896 39.36955256 39.48827222
 39.58024691 39.6431056  39.67443727 39.67179095 39.6326757  39.55456057
 39.43487467 39.27100711 39.06030705 38.80008365 38.48760611 38.12010364
 37.6947655  37.20874096 36.6591393  36.04302985 35.35744195 34.59936497
 33.76574831 32.85350138 31.85949363 30.78055452 29.61347356 28.35500025
 27.00184414 25.55067479 23.99812181 22.34077481 20.57518342 18.69785732
 16.7052662  14.59383978 12.35996779 10.        ]
Y:degree =4
[50.         50.92250491 51.75283859 52.49427576 53.15003166 53.72326208
 54.21706336 54.63447236 54.97846648 55.25196366 55.45782238 55.59884164
 55.677761   55.69726054 55.65996088 55.56842319 55.42514916 55.23258103
 54.99310156 54.70903407 54.3826424  54.01613092 53.61164457 53.17126878
 52.69702957 52.19089344 51.65476748 51.09049928 50.49987699 49.88462927
 49.24642535 48.58687498 47.90752843 47.20987654 46.49535067 45.76532272
 45.02110512 44.26395084 43.49505339 42.71554682 41.92650571 41.12894518
 40.3238209  39.51202904 38.69440634 37.87173007 37.04471804 36.21402858
 35.38026057 34.54395344 33.70558739 32.86560403 32.0244686  31.18269053
 30.34082371 29.49946654 28.65926187 27.82089701 26.98510376 26.15265839
 25.32438164 24.50113873 23.68383933 22.87343761 22.07093219 21.27736618
 20.49382716 19.72144717 18.96140272 18.21491482 17.48324893 16.76771497
 16.06966737 15.39050501 14.73167123 14.09465386 13.48098521 12.89224204
 12.33004559 11.79606159 11.29200022 10.81961615 10.38070849  9.97712087
  9.61074136  9.2835025   8.99738132  8.75439932  8.55662247  8.40616119
  8.30517041  8.25584951  8.26044235  8.32123725  8.44056702  8.62080893
  8.86438473  9.17376063  9.55144734 10.        ]
X:degree =5
[50.         49.39130553 48.77900535 48.16548974 47.55301383 46.94370006
 46.33954053 45.74239941 45.15401535 44.57600387 44.00985977 43.45695947
 42.91856351 42.39581885 41.88976131 41.40131798 40.9313096  40.48045294
 40.04936325 39.63855658 39.24845226 38.87937525 38.53155854 38.20514555
 37.90019254 37.61667101 37.35447007 37.11339886 36.89318894 36.69349669
 36.51390571 36.35392922 36.21301243 36.09053498 35.98581331 35.89810308
 35.82660151 35.77044987 35.72873579 35.70049571 35.68471727 35.68034167
 35.68626614 35.70134625 35.72439838 35.75420209 35.78950249 35.8290127
 35.87141619 35.9153692  35.95950315 36.00242701 36.04272972 36.07898258
 36.10974163 36.1335501  36.14894074 36.15443826 36.14856172 36.12982691
 36.09674879 36.04784384 35.98163247 35.89664144 35.79140623 35.66447347
 35.51440329 35.33977177 35.13917328 34.91122294 34.65455898 34.36784513
 34.04977305 33.6990647  33.31447474 32.89479296 32.43884661 31.94550289
 31.41367125 30.84230587 30.230408   29.57702839 28.88126968 28.14228878
 27.35929929 26.5315739  25.65844675 24.73931589 23.77364562 22.7609689
 21.70088978 20.59308576 19.43731022 18.23339477 16.9812517  15.68087634
 14.33234949 12.93583979 11.49160611 10.        ]
Y:degree =5
[50.         50.5786876  51.10333    51.57497843 51.99468411 52.36349826
 52.6824721  52.95265686 53.17510376 53.35086401 53.48098885 53.56652949
 53.60853716 53.60806308 53.56615847 53.48387456 53.36226256 53.2023737
 53.0052592  52.77197029 52.50355818 52.2010741  51.86556927 51.49809492
 51.09970226 50.67144251 50.21436691 49.72952667 49.21797302 48.68075717
 48.11893035 47.53354378 46.92564869 46.2962963  45.64653782 44.97742448
 44.29000751 43.58533813 42.86446755 42.128447   41.37832771 40.61516089
 39.83999777 39.05388957 38.25788752 37.45304282 36.64040672 35.82103042
 34.99596516 34.16626215 33.33297262 32.49714779 31.65983887 30.82209711
 29.9849737  29.14951989 28.31678689 27.48782592 26.6636882  25.84542497
 25.03408743 24.23072682 23.43639435 22.65214125 21.87901874 21.11807804
 20.37037037 19.63694696 18.91885903 18.2171578  17.5328945  16.86712034
 16.22088655 15.59524435 14.99124497 14.40993962 13.85237952 13.31961591
 12.8127     12.33268302 11.88061618 11.45755071 11.06453784 10.70262878
 10.37287475 10.07632699  9.8140367   9.58705512  9.39643347  9.24322297
  9.12847483  9.05324029  9.01857056  9.02551688  9.07513045  9.1684625
  9.30656427  9.49048695  9.72128179 10.        ]
